2 5 11
2 18 2
3 1 30
3 2 6
2 10 16
4 1 16
7 5 10
3 3 29
4 2 14
4 3 21
4 4 12
3 4 24
2 11 27
7 8 4
4 5 13
2 1 8
4 6 24
2 17 16
3 5 20
4 7 30
4 8 29
4 9 1
4 10 23
3 6 18
7 11 5
3 7 30
2 12 15
2 6 23
2 9 24
4 11 4
4 12 3
3 8 26
4 13 23
4 14 16
4 15 25
4 16 9
4 17 25
3 9 24
3 10 26
4 18 13
7 4 4
4 19 14
7 6 4
4 20 8
7 12 21
4 21 19
4 22 17
4 23 26
4 24 11
4 25 22
3 11 3
2 4 6
3 12 27
3 13 1
7 1 11
7 9 4
7 10 4
4 26 26
3 14 14
3 15 2
3 16 27
4 27 18
7 3 12
3 17 24
7 7 16
2 13 15
4 28 39
4 29 12
4 30 20
4 31 10
3 18 19
4 32 30
4 33 20
4 34 20
2 16 18
7 2 16
2 19 11
4 35 4
3 19 4
2 14 5
3 20 21
4 36 8
2 7 20
3 21 30
2 15 2
3 22 14
3 23 5
4 37 8
2 8 29
4 40 11
2 2 24
2 3 30
4 38 9
4 39 28
